*******************************************************************************
100 80 800 2 0
parall relaize:
*******************************************************************************
100 80 800 2 1
parall relaize:
*******************************************************************************
100 80 800 2 1
parall relaize:
*******************************************************************************
100 80 800 2 0
0
in gen graph
c++ is rubish
parall relaize:
yew it is
0 0
*******************************************************************************
100 80 800 2 0
parall relaize:





*******************************************************************************


*******************************************************************************
100 80 800 2 1
parall relaize:





*******************************************************************************


*******************************************************************************
100 80 800 5 0
parall relaize:





*******************************************************************************


*******************************************************************************
100 80 800 5 1
parall relaize:





*******************************************************************************


*******************************************************************************
100 80 800 10 0
*******************************************************************************
100 80 800 2 0
parall relaize:
15.1102 15.1598 15.0215 15.2042 14.9067 14.9812 15.0487 15.2875 15.3719 14.8375 15.1901 15.0125 15.1475 15.1236 14.925 14.8272 15.0926 15.1177 15.0352 
2.75455 2.78125 2.73403 2.74667 2.70577 2.71354 2.75461 2.76154 2.7625 2.74018 2.74474 2.76 2.70875 2.75069 2.71538 2.70882 2.75809 2.75312 2.71591 
880 1120 1440 1200 1040 960 1520 1040 1280 1120 1520 800 800 1440 1040 1360 1360 960 880 
0 0 0 0 0 0 0 0 0 0 0 0 0 0 0 0 0 0 0 
58587 60424 61821 59778 59554 58798 62564 59434 60951 60260 63118 57354 57987 61870 59641 61765 61240 59744 57615 
*******************************************************************************


