*******************************************************************************
100 80 800 2 0
serial relaize:
*******************************************************************************
100 80 800 2 1
serial relaize:
*******************************************************************************
100 80 800 2 1
*******************************************************************************
100 80 800 2 0
0
in gen graph
c++ is rubish
serial relaize:
yew it is
0 0
*******************************************************************************
100 80 800 2 0
serial relaize:





*******************************************************************************


*******************************************************************************
100 80 800 2 1
serial relaize:





*******************************************************************************


*******************************************************************************
100 80 800 5 0
serial relaize:





*******************************************************************************


*******************************************************************************
100 80 800 5 1
serial relaize:





*******************************************************************************


*******************************************************************************
100 80 800 2 0
serial relaize:
15.1466 15.3911 14.8917 15.1517 14.7202 15.1469 15.0105 15.1337 15.3375 15.0268 15.052 15.0113 15.1587 15.0382 15.1019 14.8081 15.189 15.1208 14.833 
2.75455 2.78125 2.73403 2.74667 2.70577 2.71354 2.75461 2.76154 2.7625 2.74018 2.74474 2.76 2.70875 2.75069 2.71538 2.70882 2.75809 2.75312 2.71591 
880 1120 1440 1200 1040 960 1520 1040 1280 1120 1520 800 800 1440 1040 1360 1360 960 880 
0 0 0 0 0 0 0 0 0 0 0 0 0 0 0 0 0 0 0 
58498 63304 67194 63956 60561 59316 68971 60978 65121 63818 70745 56115 56389 68469 61744 68112 66345 60863 56989 
*******************************************************************************


