*******************************************************************************
100 80 800 2 0
worst relaize:
*******************************************************************************
100 80 800 2 1
worst relaize:
*******************************************************************************
100 80 800 2 0
0
in gen graph
c++ is rubish
worst relaize:
yew it is
0 0
*******************************************************************************
100 80 800 2 0
worst relaize:





*******************************************************************************


*******************************************************************************
100 80 800 2 1
worst relaize:





*******************************************************************************


*******************************************************************************
100 80 800 5 0
worst relaize:





*******************************************************************************


*******************************************************************************
100 80 800 5 1
worst relaize:





*******************************************************************************


*******************************************************************************
100 80 800 2 0
worst relaize:
21.3375 22.6214 21.5389 20.9183 20.7962 21.9219 21.1816 21.4654 22.5602 23.5098 23.3559 22.2563 22.1913 22.5868 23.3106 23.0368 21.9132 24.4333 21.142 
3.92614 4.14732 3.95208 3.82667 3.82885 4.02396 3.87961 3.93942 4.125 4.31696 4.22039 4.07125 4.04 4.15694 4.29327 4.19191 4.02132 4.4625 3.87955 
880 1120 1440 1200 1040 960 1520 1040 1280 1120 1520 800 800 1440 1040 1360 1360 960 880 
0 0 0 0 0 0 0 0 0 0 0 0 0 0 0 0 0 0 0 
8524 13215 14096 10950 9377 9681 15171 9805 13802 14010 18624 7527 7838 18341 11136 17783 13342 11576 7866 
*******************************************************************************


*******************************************************************************
100 80 800 2 0
worst relaize:
asd
